4877
26
1927
704
3346
3277
1519
4955
1
188
3223
520
4686
2110
4806
3326
4874
51
3566
2777
2250
2026
238
3233
5213
3483
4729
959
2873
293
2960
3914
424
1608
1875
2984
3188
2288
2720
549
2802
1843
3534
1922
5048
4984
2319
4958
4630
3739
829
3635
2792
1543
2330
3796
2643
3512
1818
149
4687
584
3311
4840
4856
1138
2134
2467
325
1992
4791
3751
4593
691
2262
4335
257
3225
2268
564
4771
2470
1841
232
1490
266
1563
4497
2147
2698
978
676
2916
191
3663
2490
2853
4071
5293
3673
30
4274
3752
3234
4484
2855
4829
1890
5358
3089
2738
1036
4834
308
3405
2327
4548
304
727
5231
614
3665
4790
1133
3604
263
3942
3460
5200
868
165
3143
3174
3160
5264
541
2605
2523
2868
3166
417
1695
2737
2138
4816
4159
2532
4197
1097
656
2280
2379
183
5300
760
2503
2417
950
2671
1593
2942
3726
941
115
719
728
1153
2776
4945
1570
3217
1821
2315
2788
4100
4326
4216
1177
4675
1933
1773
1738
2077
3902
2613
445
4681
1120
2437
3563
3133
4199
2465
4065
5218
540
1269
2572
2872
1190
2245
2369
663
5037
409
952
4453
4709
973
405
3977
3937
5084
161
5153
1800
4695
675
2718
3876
808
2392
1375
1228
4193
2021
3708
5355
999
5186
3351
381
2744
5352
3396
163
589
2935
830
792
3868
15
1419
3644
986
4256
2323
4483
4534
193
5008
3886
141
200
4592
574
2322
3003
3497
176
2355
2492
2030
3033
3411
4540
666
5149
4724
2574
1343
4024
5060
4865
4249
2101
2652
2791
3094
2029
554
4551
1416
2923
349
3564
3521
2158
721
1941
2200
3421
3106
5134
1431
4659
565
1428
1566
4570
3855
2100
2827
4162
4461
2576
2289
291
3925
823
1988
2728
1259
526
3097
4714
4272
878
1216
2031
3118
2628
1573
43
1547
3948
2558
1624
427
2962
3058
1251
3366
2112
2799
4369
281
1788
623
1831
2363
4971
568
3031
2034
4821
2689
2859
221
3874
2756
2590
1551
36
1623
3237
2723
5077
2282
24
4221
8
3797
2546
4378
2122
3285
3119
3510
2350
371
5007
469
2699
569
2181
244
4756
366
1186
4550
4480
2482
4348
258
3049
3662
2418
4982
1432
4649
4555
873
3926
747
1896
3619
2062
1536
4817
4300
4654
4179
5348
5014
4999
4753
3052
5271
4343
2651
4035
309
3246
2712
1277
970
1803
249
1887
1554
4857
2950
507
4083
1778
1022
4334
1263
3028
5233
3273
4784
2457
1953
1889
2783
2022
4979
1811
4354
5135
3676
2713
3471
2677
1066
2199
3495
1045
2609
1354
4721
3184
1303
1246
3186
5075
96
1231
4281
1588
2681
1260
1814
2096
2870
1729
137
3513
2225
1352
1925
5199
458
633
1771
4155
2010
1943
4509
817
3552
3300
4066
5130
3431
1715
2186
1561
4352
4626
2964
1367
4061
1292
4136
2926
3314
4447
4678
1905
630
2347
3399
3090
4625
1037
2312
5344
1150
124
1907
254
5336
3260
2659
3561
2203
4504
5327
1936
4182
860
3822
2320
4855
2006
2335
795
4005
3643
3747
4975
1956
2419
5360
4508
2743
1185
16
1493
4297
4342
4561
5289
1865
4485
1002
3611
2986
102
5108
2929
4275
932
2272
3108
4492
2800
967
4030
2172
3540
5316
2817
3830
3890
339
2863
1611
4347
836
2144
382
4755
2988
961
4730
5003
1395
4402
70
2775
5253
5041
2830
3799
3410
4011
95
3768
2107
4614
3938
358
3686
3504
4223
5164
4543
1902
4650
316
3695
583
2782
4152
4371
1716
2456
1325
4959
5120
1616
4295
2197
5050
5337
919
3147
2534
5304
3269
2966
5196
5287
4172
310
1032
2028
93
2384
197
1308
4822
1096
3656
2141
1309
2045
2174
828
4720
2310
5177
2654
2090
2680
3847
4917
4448
312
4377
2884
2784
3670
3808
573
2126
1564
1744
1495
2575
1362
1048
1540
4850
3444
4287
668
3678
2229
4710
3759
4768
442
5020
482
2876
513
4954
807
210
3972
3111
5189
1361
491
391
998
945
3871
2835
1299
395
439
4643
1733
4536
3819
3506
1789
3738
2977
5302
3975
679
318
2845
472
2716
1202
3216
4511
1908
705
3486
841
677
3904
4900
3846
732
4572
4935
2469
3047
4128
1939
4849
3136
4415
5357
1829
1109
1083
611
2730
1070
800
3906
2196
17
4430
826
2083
590
1869
3155
2911
1876
5329
5171
295
4074
2035
5269
4115
