619
2558
1588
4287
1733
2229
2322
3900
1623
5168
1309
1032
30
482
2986
1820
3130
2234
4998
4840
262
623
1469
3595
3225
381
4041
5171
4728
3839
5077
3676
3679
382
96
2109
3258
2859
2372
3566
4908
3868
2726
1583
4829
3326
4560
3552
4480
2929
3071
1195
3444
2933
2824
3886
826
5084
1520
583
1800
51
792
1248
2239
2418
4152
3756
5083
5130
2816
3896
5137
5158
719
4643
2077
4874
304
1936
3759
829
1431
2817
4857
1516
4343
2942
3564
1497
1283
666
1519
4892
907
122
437
2509
3915
5050
4771
2297
5139
2830
3351
3500
3020
402
1104
3108
3722
3458
1073
2666
2556
3890
1714
973
2131
346
5304
5014
728
5233
2699
4945
2689
2245
5291
1593
359
3831
1540
293
1927
1102
445
3346
2314
5143
3344
4649
1658
562
2455
1495
2288
3169
3471
4540
3362
1151
3700
2799
1164
1389
3904
986
4655
529
3815
291
1029
1895
4300
651
1657
3246
1037
4900
4005
2280
764
318
2457
652
1908
3906
1424
540
2710
4378
2272
5164
3195
3714
4909
1890
2076
2083
3796
704
442
1240
4626
3503
3506
2768
1525
1536
807
4659
5194
123
5008
3872
4275
1716
1956
4778
3245
4040
4535
945
3049
3058
184
299
2468
4100
4954
1901
4066
3311
2492
3405
4753
2469
326
4958
2323
5134
4623
4140
3846
2651
2218
1465
5033
3090
3537
3513
1295
3232
33
4970
141
3203
266
868
4414
405
628
3656
2853
3118
4955
5293
131
1003
3999
4207
3789
3430
5115
2276
4457
5161
721
3387
916
2753
1554
3228
4602
4353
4027
4712
2127
1216
656
4442
690
4216
4134
1889
4735
1608
2872
1546
4249
767
3103
390
5002
165
4295
4271
4839
2844
4673
5013
862
3553
3166
4070
695
1972
4184
1746
1949
5333
3217
1977
1667
3752
1562
2640
417
1909
4685
1044
1367
126
3407
2126
3663
569
2984
373
106
2392
4402
2110
689
427
631
1260
1953
1278
2575
1666
1011
498
1342
5020
3977
2335
2026
3871
1829
249
3233
4083
1036
1184
1841
3143
1738
5348
384
1939
1354
997
1343
983
4710
2097
3877
3508
961
472
3188
2034
5329
115
512
824
4483
3835
4554
1794
1349
2855
4263
5204
3750
216
4407
1697
103
982
1959
2490
4917
3963
1276
4999
5285
4756
3586
4485
3504
2172
4305
2030
1677
4460
978
4274
4860
4763
2134
1749
2186
339
873
1670
1235
1586
2069
3265
4561
1581
4509
4823
4495
310
2074
1558
2324
36
309
2756
520
3797
3801
3331
4916
2820
1317
2765
691
2458
2036
3902
1459
4682
5153
2786
4489
1045
3033
1853
4011
4523
1305
3216
2451
3396
1616
9
3296
4686
2250
2032
3954
128
214
4008
1379
1042
929
1209
4089
2093
3082
3923
4239
3901
2546
1228
1
2772
2214
371
1484
3692
599
151
4267
4620
4175
5273
1198
1369
627
3975
197
3597
667
4142
3642
2088
2028
5287
1863
1957
4461
3335
2260
800
844
4128
2940
1131
4335
567
4534
3874
4676
1355
3715
4790
280
4834
4028
3732
1456
737
2979
4848
760
18
3007
2809
3000
3315
2017
5005
4766
2737
3220
240
5180
2365
4870
898
526
5300
3460
2802
188
2960
675
4451
2061
1621
2330
3563
2760
2912
663
2650
1070
4400
2208
1486
3830
1570
3937
4547
3527
4411
5057
2609
3806
2381
2741
3972
2703
3146
4720
3634
4622
5111
3808
1299
321
4417
1943
2861
4805
4654
3725
2842
3683
458
4071
4807
4842
1452
387
3223
2718
1419
3358
4272
4856
238
3739
4976
1925
2590
4858
5104
3925
5358
727
1971
4880
4727
823
2603
8
483
5253
2963
2408
2049
185
193
1578
3555
679
3031
4172
2567
4508
4724
74
2838
565
4828
2678
3237
637
5149
176
4914
1664
341
5336
1999
491
4199
2906
2698
2403
4348
3538
3497
2399
254
922
1633
4321
789
527
4469
3236
4718
1176
1869
2062
1165
1773
5235
1835
1362
924
3313
3978
2199
5037
4103
2602
2685
4919
2706
460
3670
2361
1187
5213
4734
3652
4229
5227
91
3447
1916
316
4208
4821
4390
1924
4775
2163
5256
999
3521
1019
2029
1810
284
2073
80
3938
470
17
2251
22
3036
3136
1821
717
76
253
2750
406
549
4124
3611
2417
3662
2798
457
1231
4337
2576
1613
810
1269
5094
86
3948
2315
830
4297
263
1059
3540
4898
3562
1439
4492
1785
2112
4714
1017
4633
1404
2863
3205
2671
616
2096
5028
3160
1681
4035
5355
3535
2945
24
3011
1308
2015
2837
2394
2884
1375
4747
2203
4992
4543
3487
5151
4678
14
3400
1480
2803
4307
3003
4967
4564
2791
2326
2723
676
210
2481
3701
794
2482
4937
1292
4583
5215
5041
4614
4458
5177
3186
3449
3581
1259
2327
4078
538
1852
3966
3260
3942
1085
3799
1577
3606
2532
2002
3328
1333
4604
163
4707
787
4328
1860
3751
3991
882
2130
4347
608
2419
5352
2883
3671
3314
1806
1555
4802
4810
880
4838
4519
3239
174
4395
3619
5344
3627
183
2527
1374
4850
247
3743
4364
2091
3086
5289
3708
3427
1996
3316
2777
2265
4087
1510
1933
4695
507
1867
3626
2605
633
1814
1914
4396
1818
4214
2724
350
594
5327
305
1542
3137
4912
1263
2472
836
2142
1695
4270
1885
3964
2010
4352
1246
5217
592
2050
3264
4354
2868
5199
1152
2148
5339
4062
612
876
200
3982
2584
5302
1922
4345
2574
2730
4687
4822
3307
2241
4593
3636
3021
1606
3410
2289
281
3384
2114
1107
325
153
3817
3836
2240
2572
4064
331
801
2031
563
1992
1134
4281
4356
998
4729
4117
4326
1772
4525
1811
4550
198
5351
746
3110
1988
820
1929
2294
2312
1831
3192
2930
1048
2993
269
525
2491
2633
138
4413
1127
2851
4324
2920
2080
4223
1619
668
1147
4884
5009
2086
1905
2728
505
660
618
2176
203
3135
4473
2003
2759
2513
3286
3272
622
4867
3285
3180
2845
3738
1353
1573
3013
3207
3914
1395
82
4514
2520
1468
4984
3152
1700
1804
1973
802
3574
5108
3650
3716
4496
2652
476
4594
2477
3078
3912
3680
1876
1696
4255
5257
4979
3956
1251
4877
1117
2448
1815
1350
2319
4382
3852
2985
4689
4650
3765
1490
4283
2720
2890
1434
2782
861
1376
26
4936
1564
4600
1307
3665
3360
1859
3974
1530
4957
947
5109
4619
834
1390
2512
2158
4177
2495
257
1030
2729
2059
2120
4006
1340
397
4075
2504
3002
3810
4757
4361
3218
2923
3819
5219
3983
4708
1202
2761
349
3603
4436
3431
4482
4046
2982
2046
1450
3486
1509
137
1734
275
3713
5278
3048
2355
2927
1303
4755
4507
938
2439
3567
3623
2164
3992
3269
2277
1370
3432
434
1178
4721
4861
5089
4815
554
3190
2629
1181
2534
686
2092
1552
1969
3742
2788
4373
4930
2536
398
1316
2181
960
4325
3421
4221
4607
972
5012
3661
3837
5085
1944
1416
1466
4851
866
5048
2876
5099
4365
504
2264
506
362
2101
4996
4369
201
1511
4380
2559
168
3804
3883
3697
1264
4768
1344
1778
2220
4440
2042
928
2998
3097
841
3973
2617
1567
2338
4558
2139
1941
2539
805
1875
4074
2744
231
5122
4334
932
2060
1177
1693
2456
772
5328
2976
1130
2425
250
1467
1634
4018
2021
1155
4801
1715
4151
3604
4145
3878
1692
3926
3483
1775
3644
191
4180
1351
3226
698
935
1438
3312
4094
244
4886
1731
4232
5120
1214
3726
1574
2896
489
1153
4662
2284
1843
158
1366
3323
3851
1617
1611
46
2988
3876
1780
2827
4868
5044
3807
3028
4910
3640
4097
2915
4371
2219
4012
1935
557
1252
271
2593
4833
4569
2180
258
4813
2604
847
3047
2350
2606
828
3917
4157
2893
2770
3612
2977
3711
3812
120
2681
5228
2373
3442
3106
4692
4826
1881
4635
4816
5098
1186
479
127
3775
754
3884
4319
3187
3510
4797
4989
4502
471
3905
3127
3678
4611
5030
3545
4794
5100
906
5186
2071
4784
544
354
2268
707
1210
3605
3990
1397
1584
2287
1428
3645
3133
1544
3484
4555
3664
454
424
4924
1384
3802
1747
2503
1602
48
3505
2082
4159
4688
2674
3712
3858
404
2122
532
4918
4565
3849
5179
2754
4517
2966
4243
1512
3377
4381
3381
1330
270
478
1123
3231
4049
4952
4546
1150
967
4342
558
3139
4536
3577
5246
2161
1148
1066
408
4982
5353
2195
4882
3776
3643
3094
2994
3184
3369
396
2691
3383
2310
1683
3273
853
3939
2529
3659
3744
4975
2378
61
2677
4053
3857
875
229
3327
3668
2583
2907
2773
3865
3558
3138
425
4182
3635
3520
2000
4088
4956
2692
5036
5189
1336
233
4148
1788
2800
584
2660
864
1489
57
646
2349
2200
797
1603
3197
589
1212
324
3199
3038
3209
3116
4792
5188
3495
4701
2150
3052
1190
2908
2038
3518
2445
4588
3704
3366
909
1543
3243
1110
4777
2548
2870
2210
2519
976
3105
4503
2138
1502
430
4961
5264
3571
2764
330
1156
4511
4025
2531
4817
2366
1808
950
786
467
25
1529
1185
3607
573
1660
315
4039
2261
3887
5110
369
2320
2831
1648
378
225
3322
4206
5274
500
839
2829
3333
3053
1453
1232
2792
5178
2835
2918
3241
3763
4786
1002
2440
2553
4625
1386
1446
3528
541
2409
4453
2962
2055
267
5029
4627
2899
3862
3907
4865
380
971
2847
54
5310
3291
2823
4120
1494
1535
3949
5060
1776
677
931
2885
230
5023
2858
1493
2739
3838
886
4176
1507
207
568
3123
4516
1193
4439
2358
1312
4217
2346
5261
1429
1352
617
4210
859
2363
4065
3779
4056
692
543
1963
2957
3256
2992
2100
3175
2416
3234
2947
3030
4592
2024
3895
2459
5299
4681
1161
585
288
187
2387
4031
3741
2384
125
3673
2517
2973
1077
3993
1213
2190
1455
95
3399
4475
2262
2045
102
1448
1290
1624
705
4061
1063
3710
4703
4162
4219
195
1133
5200
3769
1900
1795
3959
956
3412
3592
4115
1022
4415
2353
1579
2661
3542
730
3149
3584
2226
771
2749
4318
1120
1506
358
155
2107
259
4054
3174
4770
4660
5326
643
1443
2598
3757
3411
2470
87
4105
831
773
720
212
1325
4191
1138
1440
391
3409
441
2894
3525
2964
1728
3814
2869
757
2162
867
2402
2243
5003
1109
4677
926
1053
2332
3111
2035
109
2132
4429
1358
3792
1111
2814
4618
2140
2608
4421
2135
5209
2675
3397
2222
535
4338
3277
2613
806
3100
1504
3001
2449
2507
2178
4445
990
2746
1257
4568
5255
3591
1872
2734
5118
849
2738
2273
2473
2293
3760
1710
2005
2983
2147
334
2141
2431
3117
1526
21
461
4576
3867
1277
4733
1991
2379
2938
447
3986
2019
395
5160
4532
5308
4317
4487
307
2935
4433
1413
236
4563
3440
1650
3491
1052
2922
685
4971
808
3823
985
2001
3861
5357
4595
355
19
713
4484
368
3589
2989
2848
4791
1377
3434
5259
3419
2785
2383
1647
4570
5140
743
636
1866
2910
654
1777
4110
1559
1331
3089
3516
5338
4890
897
5172
970
2926
4928
3353
1563
241
4497
5049
4537
41
1903
1447
3543
1528
3856
814
3070
345
2369
5191
4642
4355
5254
73
1708
2396
2712
1882
821
4639
1786
246
5117
1481
3761
1159
301
4796
2065
374
4698
4179
1028
1686
3805
2347
3561
4386
4491
2006
1084
4640
4709
4578
3162
1247
2207
2897
3222
4146
4211
16
3928
4613
5258
2783
1966
5071
1771
803
1142
3088
1058
2566
1515
640
4684
1764
1676
1631
5078
4256
4744
232
5316
3019
4705
2356
2672
3598
1765
4548
1596
5295
1417
40
781
23
347
1051
157
3921
2278
97
4674
936
15
5031
812
5196
575
1293
3437
1902
235
953
4827
3727
510
2368
4628
2807
401
2452
2522
2903
2460
2628
2505
3847
4767
2488
1899
2143
5286
3580
1796
5068
149
1551
846
4007
88
4993
1112
788
2784
3171
186
2435
1220
833
2111
2995
3911
1672
3304
5266
2098
1421
2748
4615
1500
590
2231
5221
4935
2217
1585
1128
3365
988
1094
160
4538
1361
4527
1108
4693
4158
2497
2846
1918
1401
1265
4298
89
4201
433
609
1327
2916
5087
4404
4901
2975
1357
5270
3338
1752
3617
3092
4656
3392
2263
3622
4238
4981
28
5277
3062
1083
2658
4225
4226
3045
1915
3343
1144
860
1894
1021
377
4800
1122
2466
2690
1980
4783
4832
5337
1311
4448
1234
3631
411
4589
2351
3189
4155
3128
5039
3588
414
2659
2174
710
439
2578
466
4357
432
4675
2804
4119
4002
3736
4301
1046
5103
1751
5163
1742
3749
3204
317
4192
3768
574
4288
2864
3131
1145
4237
1799
1663
4836
4624
974
2956
4336
1461
1652
3786
2711
1326
774
4459
348
1744
4683
2238
1207
3309
3675
941
3010
3193
2108
353
5347
1940
2579
3660
694
43
2722
5126
428
3821
1720
5207
63
3151
1267
1163
4977
5360
1407
566
261
169
1224
3909
1768
4814
1118
3882
3822
2614
5248
2160
2390
4661
1306
1538
464
2873
630
70
312
582
3044
3244
1025
4809
3453
5073
4601
3593
776
664
1978
2146
4332
4542
3155
5236
5135
1626
762
1545
3083
1033
2414
4037
4911
4131
1896
4013
1087
3632
1393
499
4562
4782
3746
843
3119
4582
1566
1225
409
4446
5022
4759
1435
5206
1769
1199
4057
2557
3263
4528
4135
1371
937
4034
919
1575
5322
2653
227
4242
1892
4102
2621
4474
93
993
4647
878
3686
2638
4521
2680
4284
2733
4762
1119
4435
3426
2376
4392
4
3076
1054
1819
1850
335
3350
1789
4227
4745
2727
2620
4015
530
2954
4742
287
3303
224
4923
2075
550
2775
955
1392
4651
2299
3621
2822
5230
4630
2515
2808
3745
723
4240
2359
2725
3336
3931
5272
4409
5234
4114
1347
3922
283
1569
3015
3666
3367
206
473
3479
5271
4530
648
3559
4679
4872
1478
4043
5298
5222
523
3984
994
3476
2716
285
2573
1399
1505
2898
1409
376
3969
389
501
1917
2153
453
502
209
1088
99
1425
3899
5262
1441
3733
1688
740
2196
2493
4505
3141
1724
1534
1587
34
3182
3016
1226
3281
2422
4304
1854
2595
3885
1405
1565
3960
1485
4186
3454
3549
2235
366
3860
3869
578
2991
2484
1790
1284
2171
3667
1194
1887
790
5093
1798
4454
863
2523
313
2665
1255
5238
1632
2601
92
1871
2044
3262
856
870
1068
3042
3261
4420
1823
5142
2589
4123
2244
3997
1580
4393
4907
5026
1233
2516
4947
486
1729
4170
4169
1763
4825
2155
3308
5051
5349
3394
2406
1114
600
4835
3450
2009
524
2165
4798
3600
2249
3531
3530
4572
4261
365
2937
3637
4723
2881
5102
2769
2298
4292
2012
3462
3478
2502
4197
252
2267
1090
5032
3961
2537
1105
172
422
5251
4091
1656
5080
171
2116
851
927
517
4202
5247
279
5325
3339
4024
1643
5170
3971
701
1842
2526
715
475
3940
3881
251
2476
4873
2255
4938
5229
2215
2793
4377
1651
3539
4666
3512
2167
4051
5330
4888
1315
5138
1561
604
264
2464
3402
2362
3290
2913
124
5315
552
2023
2494
4946
4715
2949
322
2166
2826
3791
5027
4579
1208
4652
4147
1410
3120
2634
2256
3492
4277
3844
2447
2969
3594
1615
1501
2274
3996
2303
3465
4248
4694
3300
1655
2054
456
2144
4095
1990
2282
1297
3892
2316
2714
3148
548
3284
1993
2735
4360
1595
1242
3798
5269
3639
3018
2404
3781
1471
641
2258
4921
3006
4183
4306
2467
708
4058
4137
52
4760
443
4168
121
4126
164
5101
2410
5340
3340
2128
1952
659
655
3150
964
4320
908
4406
4285
561
4905
3557
4962
3404
1974
4551
732
4055
72
642
2433
5
56
303
3389
2649
1196
3403
2642
3140
3499
2627
3532
1911
1302
3800
5124
3242
3210
5088
5144
4557
2571
4553
3310
4512
3544
1767
1398
1891
3829
2950
3587
1324
2227
2301
3936
1180
1713
4164
3065
116
204
3573
1521
1245
1086
739
412
1300
4290
2742
3556
785
3780
31
3024
3125
67
5072
2343
1636
295
2743
196
5091
513
1685
959
3952
852
2580
3879
496
1861
211
112
1524
360
5354
1986
3762
5054
4859
3064
3719
1001
2615
4980
4590
35
379
2117
2437
101
4573
2874
3415
4394
421
3987
1703
228
4362
682
3093
2345
1712
872
4722
7
5335
5218
161
4799
4412
4730
4494
3951
2426
2102
3004
895
1050
5294
223
4997
4230
2118
1669
1962
752
3046
1023
5197
4953
1680
1298
4130
2752
2022
4268
5010
3221
3546
780
3401
818
678
799
2644
5145
4902
4218
5283
995
4943
3718
3748
3843
798
2643
2004
2866
3461
5249
5201
813
2479
4213
2348
2663
1822
221
1589
2304
333
4897
1759
890
3889
4455
4019
1170
3299
1310
5198
4253
3301
952
3229
615
4149
3575
992
4449
5055
1337
2877
4244
2499
403
2386
50
2591
3583
1868
3289
3943
4574
996
4341
1709
1039
3740
5173
5066
2900
3703
3451
3980
5070
731
492
276
2152
2211
4963
1923
4276
4121
1473
2776
2354
903
393
2657
1385
2850
3012
3054
3855
4499
2014
2794
4746
1675
5332
3795
2380
2506
2852
1487
1082
579
593
2713
1679
832
3164
3240
551
2185
3944
2242
2465
2486
874
2225
4717
4340
5231
68
2340
777
547
1928
4965
4987
290
173
3927
3777
1365
5132
1239
4032
3578
3601
4086
4637
763
3599
2540
156
4713
658
3615
2581
3919
4878
577
2669
4488
4235
4447
2058
4670
514
3695
796
1043
3247
729
2702
3101
5187
4847
809
394
2891
914
306
4849
702
1294
1809
883
893
3509
1332
957
4549
2943
105
440
1644
2925
4108
3816
1848
3677
912
5090
5000
1168
2224
83
75
706
4641
1926
3445
1423
3159
2286
4181
1960
2154
3147
55
2442
3448
2020
795
2056
1609
4198
4438
1462
3498
965
835
4922
977
2619
4009
1320
5059
2812
300
3215
1556
4506
1975
3357
2972
1735
793
3318
2429
537
4974
3655
1394
256
2778
4096
1740
2569
4844
465
4776
69
3770
3840
4959
3981
5061
747
3705
2209
3196
778
2781
2070
2367
5121
144
4808
4764
954
2999
400
2562
383
3965
1951
779
2535
1754
4245
1143
684
1517
1274
1968
4367
4541
545
1994
1097
1258
3422
966
1229
560
1173
1548
4132
1750
1726
4644
3784
338
5150
2611
4854
3833
1020
2880
3025
4296
3717
3859
588
1576
3913
4653
3898
2364
4222
1907
3113
3672
597
840
825
3818
1732
2654
2626
2582
4068
3255
1420
2197
4309
329
571
4081
5047
5075
372
1203
58
2331
4234
3356
205
3230
925
4116
699
47
4220
2306
4384
4405
1594
4585
4765
5092
783
5017
4372
2541
2789
1801
1678
2136
3005
1027
3572
553
4515
3342
4896
4669
1476
1000
3417
4144
564
1961
2924
2875
1183
1454
515
1858
3529
4893
1937
3688
1553
3191
4603
2747
2618
108
1249
5040
1008
455
3519
576
255
143
44
5174
450
1638
237
4299
4195
3057
3468
3929
2542
139
837
4118
2474
4190
2707
3060
2415
3257
1408
1704
1236
3511
435
645
2040
4831
4313
4143
3916
1998
1931
4478
5192
595
4951
3747
1488
2717
3153
819
2169
2339
3274
1172
5125
292
4200
4636
4212
4452
3099
3359
917
4178
1041
744
4926
3706
1886
1359
817
469
703
4906
958
323
1069
4196
1604
934
3084
3477
3238
3142
1049
4544
5331
2664
2981
217
3302
683
3068
1272
351
5081
1649
614
1103
756
2715
5074
638
2762
5226
1618
2564
1116
3416
1238
4050
4079
1792
5063
4843
632
4665
1787
3995
3382
2290
930
3772
3773
2779
4750
2543
5225
2079
3687
3674
1415
1833
2266
3452
4389
4312
2745
337
4139
2892
2296
4761
4871
782
426
5268
1124
4430
3502
132
4302
208
1803
1932
5243
2279
1281
5296
3930
181
2411
4960
1839
3699
3630
38
100
4444
2577
2911
2221
556
3026
3081
2965
2223
1391
1598
3629
4166
3613
3724
2257
388
1597
4468
282
146
4725
2813
2191
3918
268
1711
601
4067
5260
1140
3124
4539
3370
1348
4526
2766
2400
1218
5062
4098
3109
5185
1630
1514
1098
2125
3489
2421
4003
2182
1770
2961
1851
308
1568
3481
1414
724
3132
943
2427
896
2129
4076
891
2352
4964
611
477
989
5082
4036
5011
2259
4368
5297
3039
2496
4819
3658
1757
1762
735
2795
951
2528
4732
1906
1291
1261
3259
3420
2068
4608
4080
3474
94
327
4696
1188
1979
2053
1432
3920
4668
4375
1698
1076
2843
2565
190
4136
4262
901
2168
1437
3114
1827
2333
516
4500
1838
497
2630
110
1805
674
357
2341
4571
1522
226
1250
2705
119
2443
4322
2398
1983
2370
150
4820
1158
5241
4894
1040
3685
1372
4726
1338
2450
2731
4463
2275
3282
4293
4188
2736
2309
1479
1071
4939
4837
1605
3785
5318
2328
1946
2936
5133
923
4929
1136
522
4648
1884
4150
2052
602
2510
1934
2204
3735
649
2291
3406
3526
3423
5250
1527
418
3080
3953
3496
4410
340
4122
4063
4047
5309
3459
3337
1601
3363
2187
1741
4387
1865
4161
4060
887
2106
1840
1938
449
413
4042
1286
1174
5154
4598
2230
3932
130
2599
4450
140
1847
3129
3170
1492
363
1654
2857
3428
1967
4869
894
5317
2551
1547
4804
3534
494
1797
981
1271
2570
759
1470
3212
2561
3178
827
1412
3970
3514
1572
3834
3767
1096
474
4853
5034
2498
3198
3319
904
1483
509
2552
4416
4824
4749
3994
3292
2043
3441
1205
2878
3408
5016
2382
5210
2645
3181
670
2311
2105
1006
1253
3037
742
4994
4852
5067
2170
1653
3073
3618
753
5058
1662
3069
4520
218
4899
2951
6
1898
277
4769
2662
1363
3098
136
1268
1100
4806
4845
4663
4575
680
2201
1091
1243
2682
4711
4017
2441
4026
1169
1095
2325
1388
865
920
1753
1832
4383
415
1761
3280
696
1024
2048
1256
4165
1912
3720
2834
4950
1503
399
3826
1913
3194
3554
3620
5314
3354
3321
3172
4741
3891
243
3638
4171
1870
4586
1341
370
4258
3828
2704
688
1237
3446
610
5045
946
2895
3167
4609
1460
3888
3185
2246
661
693
3266
3457
3766
4269
4259
1877
2094
361
3348
2063
2978
1282
3248
984
1600
877
4470
177
3841
3379
222
