39808
40871
43264
9368
22624
20986
22935
9414
1519
20472
11043
35109
3403
1957
33237
14758
17262
11461
6169
14001
39563
14392
34260
45062
41783
22370
43314
25061
12531
27580
17987
31995
18650
39168
45763
1021
41489
27719
6449
10622
18705
28895
4261
2130
38702
36479
28081
25473
29691
42890
5295
21435
19872
38765
28558
40445
36805
9597
25063
33054
24532
43639
35361
42394
9244
29787
34636
21967
12636
6162
42287
5038
13132
6270
31384
28377
17149
6684
23730
25700
40947
34000
17184
21677
39140
35801
3555
36245
41329
29871
14906
29141
5375
7103
41742
17380
6843
10571
42277
43237
45889
16904
38954
3616
21043
19289
14823
26325
27152
40394
35223
880
12466
157
26697
11652
35039
37645
15066
35178
14815
4179
26670
14437
20622
25769
24346
37045
25670
36073
29215
44584
32505
32042
382
5571
16852
22472
6016
15252
3160
15205
37538
14029
38300
25604
32641
32038
25036
31578
43843
12849
30028
44636
35306
28802
44491
1336
25587
26878
24088
13159
10663
43514
38812
23491
30477
1432
40072
16257
15997
27092
39224
20236
37371
1375
42729
16767
9822
12873
29032
22961
36309
30796
32433
14868
7617
18692
4352
36432
23928
34576
30541
26650
1363
15995
27442
23729
3274
28480
34589
22164
15654
20675
38151
32787
9887
39565
4601
279
43229
41488
32328
36259
20739
20633
949
32976
26110
19024
3770
39548
9215
15616
40411
27653
10751
40229
36663
18935
1084
39146
37127
14902
29744
44260
27823
5230
15765
39874
32769
42727
6995
6818
37631
783
23058
19921
10312
23490
18223
14621
43825
9473
26112
7367
1372
7236
14470
24643
30833
8387
37934
33587
34434
7480
19159
44674
37604
39959
14074
33510
17464
1352
21240
23863
34276
12442
36853
36930
28018
1566
24055
10815
40141
34543
44396
16175
4960
36819
6671
16608
28910
26806
45204
1475
26569
40694
22124
35050
42899
36726
26410
25438
18595
12106
9949
41203
45492
43758
36041
45239
16824
13366
31665
33191
16563
24596
1888
14250
31258
10811
16353
8319
42453
36656
35686
23304
25103
23186
38948
5669
7320
587
6306
11704
43934
40001
43019
6374
19451
16123
7857
7376
37067
25158
38374
20112
45410
3535
16942
31332
7897
40312
26135
87
14147
25054
32310
41436
29317
44218
7785
16078
45100
37476
39379
32681
26482
18565
2892
33202
21088
25420
18594
45742
8912
38737
42641
17242
13212
10136
10706
2550
15700
2886
24878
42930
38503
34870
5341
25021
19399
40824
25822
16813
13838
6982
42735
44431
34164
3330
8308
22337
43503
40565
45796
16198
12285
23694
5433
4361
16570
1099
34027
31279
9105
23050
4861
13120
7627
14416
7431
33747
45782
40419
14008
14938
7695
43743
35530
32392
21970
40648
31705
9403
2723
24192
18735
25353
45214
34977
3848
4381
9979
21842
37965
41175
16818
14729
8018
8415
23160
21130
43604
40849
33664
29902
6004
31023
21178
17926
11212
40750
15095
3255
31875
9434
45365
45512
39831
40898
45073
3088
4781
31984
36405
3824
28124
5544
29089
28703
34634
12402
33104
12699
3762
43449
40525
40273
24714
44712
10077
1290
18995
43512
24540
18907
41513
26641
22754
34477
36551
11915
35019
25349
42922
6566
8180
43649
45422
521
39171
23183
42758
20426
31007
17848
23584
40548
15367
26920
4155
10438
8459
15667
2406
9411
33005
2635
22567
16137
11089
31797
42423
39938
20978
38254
41705
23568
21613
2418
9263
11564
6496
9029
27626
5189
11115
3221
15036
38430
2311
638
43558
37095
35788
24351
35299
42066
43351
14266
29479
22000
15544
27984
10540
8274
35224
30968
22826
12500
5306
42685
42615
45420
29442
2153
42577
28321
14174
39798
37178
9471
39479
32879
44541
18093
33476
31359
9943
31090
38850
6767
44224
23967
8204
17473
14996
26052
30231
36847
6084
5672
38428
1556
41355
41579
4533
8239
1118
39253
5186
5077
32791
40561
38168
37428
22431
24781
8731
33630
45184
24546
34372
35382
7724
42160
2355
19463
29062
34666
39786
45
26439
23154
18516
15627
40504
45888
5180
14240
37442
9178
25060
32853
679
26460
27759
37118
6804
589
3895
21495
8482
10047
34167
32158
28672
17908
39180
17590
26425
11953
33266
9199
10616
4285
34562
4383
3136
34442
2925
42009
27274
9613
10153
12464
42883
34411
35870
13135
19586
111
43087
23994
3938
13588
45478
2007
23348
25684
23531
21288
18893
31897
44225
43210
1544
15936
23323
13218
24725
38447
14524
33183
13438
15129
26888
42594
13361
42740
41503
30782
26409
40461
4450
8532
39518
41512
39018
2437
28622
8462
32654
7934
37801
12398
6258
10519
27963
3581
18194
18237
31312
5917
31383
28428
349
7222
37724
29211
26866
30257
14545
8690
24541
8720
34738
20075
45031
24197
20353
25905
38936
42515
10521
13499
32219
31755
38131
1
24951
9144
23402
16589
2442
21984
32379
34680
40110
19888
9936
35117
16007
982
44095
32222
43500
34176
16074
36269
30036
4738
28532
43429
2761
9671
20825
29764
39320
10303
32046
6572
29419
1599
21013
44887
6232
33228
19884
9051
14025
19445
11509
26869
7219
2658
4836
25107
8036
26256
40577
43089
45231
34827
34349
19195
2111
38941
14339
35386
21174
1120
35285
27656
28178
10764
30546
40172
17212
9744
21375
35641
749
1778
22723
41002
15121
25728
39257
43218
27281
38379
45080
4807
43834
38307
30139
3371
19030
19729
11585
41817
33623
20189
24028
19139
34391
42915
1196
25749
20365
6125
29907
30920
11697
150
4724
28262
8586
12667
12672
12976
35986
10524
20910
40298
3196
5361
13242
6587
18800
6786
9206
38048
10264
6439
25408
22415
3286
2955
23146
1293
19207
3301
29136
19000
36622
16324
23644
41702
19354
9553
32587
33471
36195
25154
28186
2503
38444
22599
30196
42004
10754
44529
5864
34588
35084
7821
1877
17877
41112
9432
36491
25072
1245
17216
17277
21710
237
39845
28047
43695
16951
10797
43941
40061
168
35317
34386
35975
2811
11987
13759
37418
18310
1001
1536
34743
32941
43787
43155
5583
13187
36082
31753
19915
12469
33760
3044
43566
21910
15478
43883
7924
28640
38380
10373
9412
3605
11131
43080
20747
32088
29734
6308
32427
3117
6810
23922
26598
13333
21836
43003
2482
25664
30247
23392
645
7665
30396
19792
44651
18864
14870
39008
11583
40793
37839
32484
21197
7877
1324
39025
19823
39714
13532
18901
24443
13347
30222
34929
9479
39295
823
8504
45571
40962
36621
29891
11319
25745
983
4204
42549
22390
27359
12802
41154
9537
32959
23075
21436
24828
19046
9538
3544
27815
33748
22920
39794
4192
36317
8531
24350
38957
22180
28935
9540
35648
16341
830
10871
14330
11893
32677
24602
39262
30223
16087
31631
9184
26103
1012
3682
41912
22796
41642
5813
3344
23151
29259
3007
9960
30360
20267
7554
37704
16448
38719
19227
7887
7699
30347
35088
44420
14497
23900
8348
44756
19158
31063
23457
18402
24914
20795
4146
41039
31010
33781
17309
16472
12816
21849
24475
6947
35229
35911
7568
42997
27391
3697
25744
31981
16918
2485
9
4078
18670
32479
32461
25423
33764
36993
2398
29832
31119
8725
45729
7085
31975
4627
20887
20125
43285
25463
21883
45758
20853
41206
11510
16415
11883
32094
12620
24943
32373
28190
23989
41966
36460
6441
37933
4289
5085
3047
4217
10100
11472
9854
40105
24240
804
45868
38596
17038
36113
15520
26244
2747
37869
20352
17586
35772
39078
8567
17273
45663
2432
37023
30544
45072
21941
26082
9027
18377
11520
40230
517
29511
27047
23768
25041
21412
38730
43083
32217
8708
42317
9756
1995
28903
28925
12416
38415
13907
34892
42525
14773
8335
10608
8520
19007
23054
30733
30106
33796
5222
8928
27229
28699
15655
34649
25335
408
21590
3105
29960
21115
9492
25851
3351
37261
4084
15660
41925
26709
34871
34405
24722
42197
39240
19222
41240
19817
3995
33433
438
29200
22171
11562
11246
10061
34820
24418
43536
19469
12926
44538
13790
7700
31490
28198
11126
26212
6279
15048
3376
34711
24717
11761
35322
15073
38882
3386
6755
36577
28488
36613
10426
33753
38687
6313
37894
18802
21188
28404
5523
34001
11566
21921
22880
40416
26313
19336
4247
24306
19978
4906
39352
27833
19502
30208
45554
6350
20929
20528
2937
16897
34763
42880
36107
45248
8014
16086
43675
36044
10940
25672
12311
34335
13275
10324
28407
18779
22300
32453
12307
32261
12368
22590
12954
9716
43403
23619
3364
18844
18618
10488
1820
40127
12215
21650
2013
40932
40150
1368
13925
41688
1565
26591
22460
35091
18679
4158
1917
3243
13095
13475
29829
15122
17083
36919
38356
4812
14068
559
14699
26337
13318
18965
7937
37873
40159
24235
12057
28294
32338
29415
43821
22011
32197
34979
25943
4311
13281
42337
38672
19017
7697
3548
34113
15444
13116
4522
13417
28040
6987
11770
34038
12551
23831
6968
20103
10456
10848
32567
2152
29157
6619
29106
43293
8737
1949
14420
6610
25897
5756
40496
29144
30319
1155
31437
4813
29351
10929
27025
4810
20898
11277
24171
3830
2065
24069
37089
31731
22803
1365
33708
29034
25540
39841
39711
36115
7315
27654
36033
1564
8515
10423
29604
40472
38413
44269
44301
4697
4997
162
26397
44609
4399
5631
23397
1788
26406
7567
40794
31798
42657
12875
18938
16963
26233
28027
30033
870
43744
18635
9955
757
3201
18066
636
8148
30218
4846
9121
24816
4604
27920
32061
6145
12949
45188
23753
12463
41467
39859
21815
26186
37852
34584
40383
34934
4885
30154
22274
24916
11951
2298
1470
660
2884
1881
21667
10027
31696
6271
1094
30830
32907
10205
38464
16869
31885
36929
42483
8964
10186
19163
23333
14109
31215
42427
24287
29184
3486
20904
30943
23866
10992
18954
1793
5352
8491
12862
26791
23168
35130
25212
11878
8224
45142
29722
21059
40682
15399
4722
26273
22824
19583
41089
31724
10680
31603
1786
26217
28594
19698
37065
7657
36583
39462
18524
7323
1577
35978
9493
40602
40711
7534
11476
12722
20992
36015
19758
8425
7793
31796
38738
4272
10909
6
36799
20902
34053
15401
883
28615
236
27486
12006
36420
35894
7615
3355
45475
8601
13448
44267
12135
25477
13915
15571
22663
10701
43377
27527
26405
25792
167
29878
14897
16976
21808
7251
10407
34086
2665
19619
40183
28067
37439
19595
59
11443
42931
23251
12281
34325
39450
23663
25936
20107
23150
40766
45132
13285
15956
41319
6071
45425
33660
2110
41730
5441
30137
43446
14358
35033
12491
965
44017
9283
11654
39201
18457
21060
42054
16935
18581
30497
20291
39335
44217
13117
14830
4398
28452
18117
1337
23970
41305
22845
14661
14513
35378
28233
34244
3437
6752
26260
45324
39762
24568
21120
22983
22489
6176
18151
41596
24058
18424
19471
44577
38118
39514
36957
11079
36854
29588
30085
30471
28127
29705
28933
19181
18602
32457
1553
30051
16130
17829
11864
31249
18682
28402
15978
32001
24009
4946
27219
41265
10977
715
13570
1177
31191
44159
10078
19538
9499
44374
28249
4405
11693
45772
33966
23125
29304
37750
35219
20815
34697
41937
30166
12563
13631
5144
31014
25619
35110
1341
4308
10487
8298
30509
24144
26261
20583
35334
29502
11888
25272
44684
5963
42579
43158
8695
25056
21058
4058
23232
16881
40164
5358
44985
44480
25198
21238
40735
19328
24111
13521
17295
13987
5699
14243
6460
722
25786
6060
867
30910
30842
34257
29629
34843
29625
23095
7558
29186
11540
37691
42278
8066
4046
33791
1184
19608
44357
20925
27627
41303
27548
40519
34479
4264
27560
19903
8637
42213
6147
10561
1488
28546
16921
11218
27292
25765
29743
24121
26634
43484
19687
41216
14310
28689
11313
8391
30454
31998
42107
27541
40663
34560
30202
45472
7064
14873
5541
39045
20030
45183
18554
14875
16689
36786
12702
6599
41914
21772
20348
5979
2048
24573
17857
33295
26714
26320
36770
19979
25689
31320
41038
10014
17681
21065
18523
17689
17408
28149
34955
28278
34463
12829
10539
35794
22604
16064
18017
12513
18100
2837
16076
29299
12836
30945
898
2008
35748
22418
16000
9074
43104
717
24622
8919
18373
42310
22104
11721
28889
10922
39519
5130
39149
7841
11539
23458
12856
35036
1985
17776
28322
15559
27170
19385
3455
1376
43773
5835
2016
27369
27409
19579
45649
11232
28569
31081
37577
381
28212
31352
21809
1117
27867
40547
44133
42191
28587
31053
36012
37684
4195
24310
5113
25146
19936
5024
27599
20342
5531
970
38714
1684
21899
7725
6363
16301
9629
44479
1640
31900
12508
20653
24843
21880
8292
21062
17744
39963
32006
37845
11821
28874
8175
2463
11635
4134
16326
33800
30588
35081
5391
27613
44565
42129
4203
40422
34056
12452
34904
9927
14685
19560
15053
16026
30303
30536
45533
38143
12680
19039
15084
1102
6307
32625
28673
1587
35867
4274
3750
28179
44705
16692
16024
27232
22392
39157
27418
40915
30633
38341
34832
22660
24855
11359
4587
32496
28668
25891
1499
25876
31151
45656
31821
11175
30436
29958
43254
19045
26605
41536
26504
20132
42021
44259
11321
37925
14179
32994
44435
31542
1681
20428
24798
42033
20438
10973
32436
40966
8566
20126
27522
4243
10300
5570
4597
25770
42986
29352
13114
31997
39393
22885
26456
40238
37349
34788
12894
5118
8968
45498
2063
5627
25837
4099
14757
35376
20395
27120
2656
25734
15828
27190
3665
3568
1970
9529
11195
12837
2931
7740
34737
13323
29163
13364
22401
8975
40823
29506
34196
17841
16774
10482
30817
35425
32740
7063
29758
7881
42245
23705
35567
36494
11991
14502
23872
5641
15753
11038
22575
8172
18154
19061
32826
10644
30693
43636
8493
23306
23827
31815
14222
34102
1994
13409
2356
45703
4188
45740
27005
21116
28391
41973
37593
23503
35420
12712
18041
11084
42283
10807
30249
15842
12812
32105
37131
10294
1359
3790
35864
25014
27698
25874
19243
31576
23128
17318
28116
28131
24927
18746
15132
15526
28109
13692
45119
465
33190
8221
36271
4531
12449
128
15324
27873
4089
18904
31918
34602
30990
5094
36366
6904
420
29762
45897
26685
33287
45207
17028
24066
38032
35221
28875
40815
28870
7080
8565
44249
40785
22087
17162
31055
11309
18494
13686
32776
2861
22128
45563
28813
7914
37555
14116
44148
22593
32071
28797
11809
8797
2790
43585
2711
16190
20038
18866
33286
28999
36575
16159
7459
45200
31726
15320
24744
40336
7169
34490
19941
9991
25546
26780
2148
31633
23739
25799
885
2588
32090
19969
19321
1586
30008
29210
22761
13893
4784
28521
19582
32965
3940
42732
15338
29251
18840
13166
34869
17838
33834
4871
10414
26107
29020
1660
31189
3114
24193
29735
22529
21844
25482
24469
19827
30868
21555
36403
35930
21487
33012
21729
29040
38232
20073
38984
14871
43938
7736
8411
10658
19889
8324
10329
36845
13608
5425
13466
31198
4536
32389
7318
16233
15604
32535
23298
32237
33528
31265
9825
38751
40747
38309
10588
20901
44875
33746
36633
15639
1842
24021
41128
12920
15733
1257
3176
27105
5292
1765
12749
12432
43235
32239
22238
18105
8354
15459
9109
10274
44416
41808
24345
35900
26352
20576
39233
6924
40466
44309
18312
15206
6035
22481
9205
11413
37005
39676
29162
21985
44996
14694
31602
23961
40666
40632
38831
26518
36192
21041
12401
19782
29916
4954
32070
5214
1250
11638
36808
34925
43004
29627
23073
44810
32365
10321
33813
36125
16696
38465
25475
36154
28021
41930
26440
966
1948
29284
2074
27324
7227
3158
43895
12571
26347
1658
15498
18430
23112
26533
6223
11260
83
12227
5231
17006
37221
26362
23395
34755
27241
44220
2696
28711
18281
32912
30062
30741
40376
39747
29436
2641
26127
532
40048
24284
23169
40686
26033
13810
8983
35954
19636
18103
27374
41210
39030
30244
5610
36188
45046
23156
32667
29225
7876
41127
28948
348
34135
3321
26921
4859
20954
33177
40438
30339
11320
22693
30101
35903
30872
10197
6333
40774
20960
6186
42067
14481
11171
12905
13695
794
27838
21758
39374
31541
39561
31771
28652
44337
13045
21394
44437
9722
11518
5628
6277
24572
41793
37057
25266
1612
40080
2167
28114
7613
43933
18461
11795
43889
17417
6364
29666
6070
652
20562
36202
8452
19078
14373
6247
42060
45457
12443
33299
36179
29733
31648
12709
26665
15285
28567
41833
25488
19748
32077
13540
33511
10806
44919
20046
22256
23984
16037
19624
22093
12980
4702
4280
11402
39558
24937
39601
45642
13729
5091
17866
36332
15089
42243
12788
35220
44929
5026
27491
3333
35918
29145
3817
33048
39314
9851
14960
14044
36298
1057
13867
11206
5734
6478
39442
43227
20586
29799
12258
1835
43596
15058
38239
21247
36508
42247
22877
4742
39669
42346
3512
3963
7423
28392
8286
12518
21287
26471
33884
7183
8876
35515
4734
44526
37533
24446
11508
32493
38856
15770
24130
17163
23897
25255
2755
3751
34503
15760
39788
4715
19537
11241
43232
43427
1578
22934
39697
36477
14884
31610
35278
34019
1409
31643
33079
16993
16146
11756
34960
17240
30984
29081
15977
32636
39306
43154
21760
21252
27115
40081
24152
24699
29380
19711
3147
8799
5002
33908
25658
32029
26555
17092
34432
32623
19541
20966
12688
8370
21236
11049
28663
31549
41969
41139
19692
10025
44488
40524
37734
30692
5413
39271
44022
15816
39228
4126
45407
21866
6480
37487
8436
7706
14605
38809
1951
43303
38594
44589
42962
12613
44568
9455
13397
16593
33744
6469
26154
22236
42837
39615
231
7931
33226
43244
39035
27267
14195
3885
13623
4817
35767
45978
9428
2414
3228
36182
22052
40738
1829
39446
13006
21797
30298
36960
36380
32996
34305
31438
40428
42662
30384
27723
25923
41368
31993
20876
21611
33353
34595
30959
13972
36445
34475
36892
27526
27669
39920
37829
28005
35519
1693
40820
26088
28250
28769
26234
14170
18888
29361
4862
7417
1048
17985
38255
24434
26264
4044
18843
40571
16948
30376
155
33293
13223
16562
27901
33206
43749
27403
33351
5518
12133
32519
45000
16541
40282
2996
325
6636
43334
15648
33835
14671
16321
8663
41954
27351
26753
26248
6499
2329
16930
29499
40128
19400
32352
12867
4598
28979
33373
11060
12353
12534
33638
15668
25046
41456
3685
10155
25591
31257
5404
45255
23991
27684
31133
1216
956
26843
22416
44828
45398
42429
45699
38630
40426
26181
23555
8559
18212
8872
22446
24763
40251
15024
28436
22966
41910
23331
37417
16880
4766
33551
42460
31
44110
13864
45012
11524
9786
32372
34577
30475
24712
31607
20557
44298
25788
44789
29066
17685
36889
2794
17526
20909
4632
10979
45145
16276
28163
11178
8914
42671
5883
37853
22281
7954
18331
1221
43111
42484
44347
31809
2963
11344
19241
44092
39930
26215
31762
18365
27339
20926
17241
12838
33988
37091
10937
12165
25222
29837
5998
21835
35183
33359
14630
26814
37537
44430
14455
24399
35664
43327
11967
23192
12754
1232
1911
36291
28272
40294
10156
2055
23411
34354
25196
43552
20693
35466
41811
24387
5738
2779
29977
14312
20418
32932
38456
16100
6892
16556
8778
30807
10765
30858
23868
17758
18446
43262
19519
26457
22301
22881
20239
19351
27447
44344
34134
3278
33052
8343
25407
30374
22760
8951
24272
11716
13238
6858
31870
8571
18632
24760
32605
2089
11813
15243
1899
42109
37173
8943
2951
6489
34525
20821
34510
16122
18599
36688
2603
1313
20744
42874
22855
7675
35255
15435
42246
34384
8987
34699
32956
38178
34210
26104
4519
17457
41405
28560
35681
44082
42760
19439
42819
15204
2561
15043
20997
5906
22954
21620
31058
21291
19008
18724
40188
34153
28070
3702
27153
30623
27693
9343
26461
16349
10442
29747
24060
20229
5836
6353
8428
30423
41129
13302
2102
33701
42086
2752
12141
19887
39936
30591
23448
44288
29428
5386
12045
13799
6926
25857
4097
36645
15145
45952
40731
34592
40639
2490
2413
746
20145
8860
44943
41593
28586
30999
36875
8051
7918
44892
10413
23630
9174
16649
32470
45322
20512
24178
36005
24156
9203
4054
45629
3846
18329
36054
34601
28994
41367
18460
307
42618
13703
23542
44158
40221
17330
17919
9242
16117
2029
2274
17798
43129
18268
5717
26014
3902
30880
17971
13534
16364
42587
4564
21587
12154
2166
42465
9406
6980
14698
23594
20544
36626
21320
17641
42475
10901
9849
14134
30118
39590
23455
21728
42505
3540
2574
37405
25639
29140
28273
19944
24071
7475
16861
24074
24455
17449
16795
44726
856
10906
32899
4731
4456
33161
16733
42125
34731
38426
29515
2930
6426
23420
23923
11061
7264
11834
20397
24752
10076
39266
45128
7373
11130
12720
22330
17704
29783
15658
36974
26621
10603
9308
39406
28956
41855
27353
33362
40844
41383
39475
44362
28102
29044
1504
25731
35407
39270
43361
10376
18167
9182
44569
11024
14404
13978
18600
20934
7008
44672
10507
45773
38011
45294
23442
32174
13068
30124
32225
34199
42406
15870
45113
18395
5156
2059
2660
3625
29007
41269
43057
36036
32856
36214
27939
33874
16574
37204
25833
3563
39800
45035
19668
21111
1215
6690
26958
2888
28980
1427
16595
29390
42536
21456
28822
11480
16339
35375
26353
42374
2028
6651
22712
12578
22272
6094
24681
30934
10440
18555
39922
36110
26849
36139
22791
31568
17402
39298
17029
44525
34184
10717
4454
14069
39891
23852
11868
33158
32783
15309
12568
34137
29181
14877
6940
24249
18159
15035
43679
15859
36281
45635
40382
17313
18686
26940
35169
18996
45387
10112
10987
18135
6683
45086
8764
27953
22584
20695
22912
14909
17767
3041
22352
19725
33224
43460
8069
17176
34996
17130
38127
41361
5099
24970
16653
24264
38004
39173
2820
23091
11229
44147
338
42560
39584
370
10551
21914
13145
37413
25970
28474
9220
30863
21223
4025
42512
41080
42724
39084
10693
30322
30809
45645
4843
9941
18351
26584
13067
14692
2718
38919
23115
3229
6231
27565
45551
35103
36258
5371
8483
33298
24296
23288
34672
17675
11498
34314
39360
21554
17564
15817
4319
45680
42785
12070
34652
10416
14201
34339
12114
1029
21672
29119
2544
3133
26694
37354
32651
45746
7046
766
26669
44155
11488
17651
12787
42676
19500
23068
38582
3559
3677
22973
20640
18266
32770
20922
12404
32117
45217
44595
5712
24962
1210
21822
37952
31639
37414
35746
4022
34520
41116
38974
1708
2283
25864
42074
27738
23864
23509
27286
859
27246
16698
32282
19023
5887
3209
5608
45454
28422
6560
368
12445
9224
10745
8183
35096
24208
36032
5251
8481
13401
27544
4414
31859
43391
33130
3693
184
41746
23604
24907
18111
163
25886
9857
22573
25375
30270
30774
37427
7898
6178
41531
37686
23990
44324
26758
11689
11187
31623
13042
41979
28701
38767
43657
15290
6953
34344
2526
4758
33078
7837
27275
43797
41736
43584
10516
23940
34220
1495
5524
32821
27002
11536
3701
35773
22945
20581
39597
12063
37935
352
15373
17999
40876
25784
10129
16682
32248
33116
37183
2751
32100
23099
16870
6885
8188
8664
33690
13875
45445
14190
44540
39994
36753
17592
45235
5142
4938
40557
5802
10822
41020
34194
27354
17348
42076
10631
33595
7246
34300
16439
41942
7333
5823
17095
26428
43370
9740
3009
21891
33356
32364
13186
31534
20799
5163
16518
20791
12017
35741
25409
22898
17247
34259
28791
14968
16378
30084
31453
6034
13988
7525
13775
2834
10255
27194
1861
33591
31391
10132
3850
9882
7084
14705
20652
3858
12163
15827
30311
12331
7980
13161
24086
38051
16591
38396
17293
2107
31085
25840
30895
9065
34828
43046
24640
32377
39275
44785
5548
44219
3270
18548
22729
11190
4115
2268
45412
44519
18527
20861
43598
24597
30382
22631
17475
28421
39516
16465
31385
8260
30387
37765
28485
9146
8103
22072
14849
34935
34282
3252
761
40441
25572
1280
2446
16066
32867
27879
9652
6708
5818
42342
25601
37702
28753
29220
31277
1946
44365
14459
7839
27974
26515
14094
44327
37191
22061
1647
9157
29999
15185
30165
20411
22911
16989
32262
18162
35944
30002
20212
13491
27528
44424
13251
33990
31921
26938
6748
33166
6467
30197
16959
38209
24504
26025
33770
34387
13272
40991
36761
9871
44854
28099
38808
10558
5764
21254
35529
27610
21248
45358
5649
26105
11805
21121
31031
13472
556
10157
45949
31408
37937
30966
9397
35105
6458
2628
13460
45413
27038
22957
13295
36818
20052
14529
31690
36171
44936
14015
40100
22597
14056
32812
15513
6161
24554
213
14466
1111
24432
37851
12392
30988
14108
36538
19530
6821
38554
5727
21359
24660
17302
5129
20584
9695
37944
28838
12529
23652
25358
2306
16879
33933
33244
14984
5908
4211
35487
7210
41777
17374
10780
164
32717
39818
22380
6054
9292
1408
19938
41643
17207
30256
37293
19141
27502
2071
39369
16496
12990
25446
37940
17688
17352
21411
26238
38599
34454
43868
2766
34591
18399
557
37708
11477
43373
32844
37559
30064
20095
17900
1677
30086
20339
34535
16603
423
17828
35972
17258
4538
45292
18231
22118
39710
3282
23413
18997
29105
6332
12282
7820
15538
41619
28038
31117
3042
41927
23536
32393
28998
28073
39550
16773
10336
28766
13196
11814
43485
44673
9248
1644
37621
35060
42643
14543
1294
35890
45359
7648
3589
43281
37050
16561
32473
10420
24534
28103
37893
666
16366
1594
30550
10467
2518
23080
4219
18229
24453
21281
7486
14739
18192
37614
24710
42020
11483
18508
20565
33751
1492
37255
4805
27831
10080
3873
13277
45778
5453
3814
20318
9166
775
20998
35372
37028
24393
7933
2943
4177
34653
27041
28702
12294
18378
39069
28527
10844
40681
45146
35965
19985
10326
4614
33836
26355
11621
19120
15568
39317
13610
29651
17070
7087
36884
11728
16221
14936
28413
25910
26128
29839
45293
31676
32
17735
37805
9634
45363
1942
17210
8398
18061
24033
7874
21035
45791
35441
40627
28592
40558
15990
28225
22564
31419
40710
6160
9502
41836
25389
2554
39828
7078
13930
28230
14839
7176
1136
5146
33685
35534
10917
30944
16585
17543
23898
18818
29280
40374
217
45125
26913
6011
34321
34236
39287
1476
34912
17187
19570
22735
12305
14382
14168
12674
39983
33821
28065
33569
31528
13250
34840
27773
40997
23926
19719
32311
25570
9784
31041
14943
11742
15899
17711
24918
8431
45479
15556
23728
11959
29223
1529
33545
39152
33552
35941
6806
5896
26270
44963
40285
4150
32978
26021
23377
15148
37993
30314
31037
6714
11651
42174
40056
4607
35024
855
5116
21893
2258
21462
43301
28004
13480
42397
8825
9023
45486
31122
22293
45837
30332
8810
37137
24212
10528
20602
12173
698
30080
28400
43159
4635
5992
2045
36250
26155
16244
3979
15958
22758
39801
10335
39821
24438
37754
9772
34897
4001
13920
45828
25518
35140
18793
22387
15514
6763
40772
37352
40039
15232
35502
2942
35439
10119
7218
27968
21618
33882
4071
25603
4994
29366
34605
23314
16697
39829
2483
28862
13445
23325
39495
7056
9550
26228
21037
21911
23535
28417
43828
17784
15606
4708
29265
729
28801
14230
38344
29723
29097
11925
28585
33170
4279
44711
26048
23000
13537
26560
33513
13010
28650
10972
7977
33302
42036
21944
36116
37040
2468
3713
22219
4245
31355
40206
42705
3055
1203
7492
15050
1965
16277
198
26162
21519
22265
35895
40059
41295
13957
6630
19916
38693
10053
35391
42807
19074
15372
31298
27906
18063
22084
27636
17217
38487
41530
21200
8525
8623
38429
28580
40096
21518
1156
7777
22117
28483
8303
3536
42570
17319
37359
13282
44626
6943
38484
22894
9032
28945
20650
16145
19699
9088
36069
27162
28060
2297
42192
6620
33285
43440
20138
11627
18432
21336
31888
33525
7610
42085
40333
15273
19224
24685
9732
42157
29482
21625
37505
15582
26558
1662
45519
40148
13945
26319
3238
30441
22759
25280
7095
37681
42754
4515
39731
8373
19520
38271
36713
44956
10297
24397
39904
10313
25333
31222
24569
1462
38389
40204
38926
24031
7414
7814
33105
29886
35043
29192
3556
16222
44145
28960
41330
26704
29269
26516
31615
4376
13636
3516
14581
37446
26077
25538
36965
37946
14597
27319
38605
14723
13575
40739
18983
37868
4351
38655
14468
24671
16799
20841
13293
19287
7418
24297
39607
25140
31660
23949
31991
8768
18283
9477
4335
21793
17250
18262
38357
1081
29433
35560
29720
44792
6711
35284
21352
27181
2824
7297
15045
45643
24934
8264
23533
8168
8337
6023
3816
32601
45227
37471
40395
14653
43627
19877
36134
16095
36326
22511
14465
28057
27258
16794
9919
41607
45066
711
29025
25127
31427
37304
4103
3932
16886
35209
45686
27799
32944
11353
25465
3309
27533
18379
44660
35901
23275
16464
37228
1222
34107
15636
37305
20699
31635
31899
11297
32987
35157
41241
33404
43173
23916
18087
27785
25163
45067
26785
8812
36519
3764
31906
35069
10865
29422
41539
10620
8536
21734
15088
39576
4156
13743
41439
7732
7688
494
39246
13481
33912
21521
33466
40814
21125
2318
23848
30300
43260
4438
41087
15710
20769
26391
29068
36424
7575
33905
4803
41953
27171
14574
1398
22361
2279
22670
1921
10468
7971
2578
20292
13600
43820
17093
1984
39388
25382
5740
18684
42606
40037
24169
19494
25296
8199
42200
8025
27729
18485
22606
4523
38112
42775
1785
34893
44352
29466
29454
36129
7816
35880
23215
17218
21968
32979
6452
21085
25040
40490
3586
42448
4919
5060
22197
24143
32679
2912
29103
2157
34774
12274
38600
44761
6030
38280
31691
1547
6454
30010
579
1349
14494
16410
1023
35877
16587
14845
9841
26197
40050
8012
23935
29319
45379
20257
2581
31013
28267
35951
30507
24641
907
39540
5374
26008
5334
29477
19728
25977
45712
31808
30151
4676
11040
44880
32034
38617
11071
5355
21674
5601
26841
6370
38060
24833
10971
12654
18850
24273
12951
14972
34128
30848
892
313
25946
12701
30760
39092
34556
15682
13946
40231
43691
9020
9640
18339
6316
25223
20700
18434
28419
12627
43943
44621
24638
4113
11848
28358
3925
32422
7405
20985
44053
8658
44851
40043
23573
5569
10371
5785
14520
28985
8133
39606
28028
9085
36480
7754
4371
21232
35
41409
39708
27641
13804
30156
28244
19027
42599
17296
21148
36959
22439
32523
4235
21114
30637
17160
5939
2114
38231
19156
12677
32210
3442
33320
6309
24854
5636
41277
3180
3985
27398
3242
38952
42808
12089
12729
33378
10944
26675
632
32086
8614
4325
36058
36315
23683
12201
20364
12113
10285
17024
9361
40841
28516
24728
1189
31491
8579
3051
8851
32620
41443
13358
21212
6448
7186
24278
30751
1775
9018
4466
29778
34116
11694
12278
26134
17332
21021
42638
14146
18029
6002
8322
15810
24753
2851
13782
14204
43707
3230
6517
18376
42903
2586
20001
17902
7590
42793
18890
15263
6476
41357
32445
44798
45348
36855
13270
24795
29410
30313
45022
21050
32466
3476
38940
41502
16635
35685
4172
5751
29262
44549
27012
12988
30731
36232
2143
28084
21557
39895
34965
45262
177
36169
2245
8556
41397
44886
39020
11975
19644
36511
18803
15094
13876
13859
12389
9376
13355
33149
43276
25415
18583
28424
13557
4183
25995
21467
41603
776
6654
12759
8329
8363
12249
8679
3860
45482
31217
24324
839
42578
26369
31104
22311
4723
29028
38019
31357
35074
10494
33825
17612
33436
41165
21315
7338
23540
29465
20396
18513
29266
22358
359
33710
18095
35175
7125
37367
40810
23253
38769
26578
41067
17266
2282
29348
23239
21991
33549
12438
342
20124
10643
24738
15672
3347
21009
2917
45853
25368
33662
2037
1027
8243
44019
10520
77
31827
22697
16316
24578
18537
42209
10649
1357
3748
36329
19316
13770
40720
22817
30761
10787
23057
11513
3054
41700
34262
37932
44700
31288
22951
18039
11740
22783
7623
41192
37318
5239
30708
41612
1258
39248
11046
38015
14480
22074
1135
6695
5566
35715
18403
14096
21596
24515
38304
19963
16949
23616
40268
29360
14715
13699
21955
25447
2112
2517
36411
23250
29636
35053
42929
31971
10486
9430
26072
32335
10320
34507
39131
31040
16516
7379
6722
29846
22890
13598
18963
16411
29775
20933
33783
34048
8879
34916
20533
38878
15479
44062
15586
41944
9684
22049
42585
11644
3001
11628
41780
25484
6465
527
45959
7452
9607
595
14542
27100
733
44481
3440
17547
40453
30953
25277
36034
5034
9092
22186
9310
23019
41789
29267
17601
32604
3222
7325
26637
6614
26671
11373
22312
14645
36701
12897
5354
5349
1139
29483
7013
24931
3807
22263
37199
30697
44599
31132
30183
16270
29027
35443
15714
399
26750
24875
14791
26327
5508
6611
30647
43903
8196
9156
35831
8666
19331
2649
20010
8242
23587
28032
5675
45494
22853
41261
23217
14973
2358
19095
41421
7072
23431
1759
5593
30034
1152
8784
7334
16045
9549
28782
7377
33098
32668
28831
26833
42290
529
26810
12523
32800
31080
32731
20748
10997
2562
32264
26477
13211
35410
41679
21283
472
18761
41792
23538
8588
2968
23006
9304
18414
41138
31134
1665
28962
41191
30879
40418
41720
6143
6998
32166
40743
7126
20753
16779
86
33328
24693
10090
18129
10238
26722
38257
33829
6809
44862
8346
19791
28134
22322
24422
32478
4743
36550
27279
18164
8835
24052
23198
8996
2740
44692
13649
4872
10753
1049
39399
3651
27158
4747
5962
5193
23034
23305
43162
25162
24285
16902
20293
1026
29818
40038
6118
20059
38295
38313
16073
44407
16209
41845
31537
31688
29254
41701
6554
6156
4827
8502
28020
25519
34548
35313
28943
13974
36340
1163
3538
15467
30683
38983
30670
43182
38879
29208
43579
7457
18606
35170
34590
39640
33207
41126
18311
13671
7566
35390
12146
5546
16577
32430
218
21066
5202
44645
34772
22389
9758
44813
13630
5278
35902
8818
41544
27851
27775
44566
910
18334
675
23468
31462
7538
37484
18785
32206
45437
11278
25245
7193
21949
25577
1354
31425
7021
42742
22257
20587
37462
41616
44080
30843
16460
26152
19216
44950
5595
41381
17832
22619
3506
1670
8654
4507
17171
10473
32475
26779
44935
6254
34692
42822
27240
6817
45399
23627
2328
5915
21870
35987
3553
31319
41118
36007
14907
28966
42952
25979
43393
8871
28658
45198
21401
26626
19113
8824
4374
31304
37445
36813
27224
45859
528
24123
43794
1782
8138
39067
8917
30021
3752
41220
30269
9230
26775
14415
17519
2077
20425
20185
548
16240
22217
32450
45669
7074
17997
35485
22045
8218
3894
10514
11078
34632
38624
34753
43961
45577
19325
37068
24969
25247
11385
40074
30720
38113
22767
39090
36358
21642
40153
4011
12306
1166
8377
30227
23603
35083
36863
14383
13617
5322
38821
28617
36137
31873
38815
1956
43840
31649
14755
41321
35228
8056
29457
42090
6707
26931
29052
7139
29800
44527
24672
19102
36255
31508
31802
19705
22903
2904
10161
6592
29365
23470
38147
23812
42722
16383
29180
43762
29176
24896
18003
29523
9030
6289
11802
27634
37590
22985
35869
1095
32557
43406
20084
8984
23473
23942
33861
35497
3514
25608
35651
36016
21155
45934
6032
17351
45822
37566
22178
18051
36728
38968
34435
3269
12768
10308
22432
36076
30098
23918
18353
2239
8967
31938
35393
15642
3537
20277
12309
31727
26788
28510
37432
14323
3003
40200
15542
21507
22991
38491
14255
12653
11569
11752
11547
19089
23185
5558
30451
26175
45192
962
17583
24087
20022
18407
36784
5275
14707
36175
40024
19656
22108
13023
17653
43949
21478
40870
32568
6975
40556
21612
2210
45001
24291
1940
28696
14567
37071
18910
43124
24831
6419
26417
31550
5443
27827
40532
30366
39526
24464
40651
19060
26411
12517
20422
38471
42005
38876
41728
17530
3948
32745
17150
12246
34600
8955
23339
5718
13415
29413
12896
40241
28664
4375
27830
5549
17128
40923
18912
